            school  class     SC    TV   PTHK    y
             403    403101     1     0     2     3
             403    403101     1     0     4     4
             403    403101     1     0     4     3
             403    403101     1     0     3     4
             403    403101     1     0     3     4
             403    403101     1     0     4     3
             403    403101     1     0     2     2
             403    403101     1     0     4     4
             403    403101     1     0     5     5
             403    403101     1     0     3     4
             403    403101     1     0     3     3
             403    403101     1     0     3     4
             403    403101     1     0     1     3
             403    403101     1     0     2     4
             403    403101     1     0     2     2
             403    403101     1     0     1     4
             403    403101     1     0     4     4
             403    403101     1     0     3     3
             403    403101     1     0     0     3
             403    403101     1     0     3     4
             403    403102     1     0     0     2
             403    403102     1     0     1     5
             403    403102     1     0     5     3
             404    404101     1     1     1     3
             404    404101     1     1     2     4
             404    404101     1     1     4     2
             404    404101     1     1     3     3
             404    404101     1     1     1     2
             404    404101     1     1     1     1
             404    404101     1     1     2     3
             404    404101     1     1     0     5
             404    404101     1     1     1     2
             404    404101     1     1     2     3
             404    404101     1     1     2     4
             404    404102     1     1     1     3
             404    404102     1     1     1     1
             404    404102     1     1     0     0
             404    404102     1     1     4     4
             404    404102     1     1     1     5
             404    404102     1     1     2     3
             404    404102     1     1     1     3
             404    404102     1     1     2     4
             404    404102     1     1     2     2
             404    404103     1     1     2     3
             404    404103     1     1     1     2
             404    404103     1     1     2     2
             404    404103     1     1     1     3
             404    404103     1     1     1     3
             193    193101     0     0     1     2
             193    193101     0     0     3     2
             193    193101     0     0     0     3
             193    193101     0     0     3     2
             193    193101     0     0     1     1
             193    193101     0     0     2     2
             193    193101     0     0     3     4
             193    193101     0     0     3     2
             193    193101     0     0     3     3
             193    193101     0     0     1     3
             193    193101     0     0     5     1
             193    193101     0     0     1     2
             193    193101     0     0     3     1
             193    193101     0     0     2     2
             193    193101     0     0     0     1
             193    193101     0     0     3     4
             193    193101     0     0     4     3
             193    193101     0     0     2     5
             193    193101     0     0     2     4
             193    193101     0     0     3     1
             193    193101     0     0     2     3
             193    193101     0     0     3     3
             193    193101     0     0     1     2
             193    193101     0     0     2     4
             193    193101     0     0     0     3
             193    193101     0     0     3     2
             194    194101     0     0     3     1
             194    194101     0     0     1     2
             194    194101     0     0     2     3
             194    194101     0     0     2     3
             194    194101     0     0     0     1
             194    194101     0     0     0     3
             194    194101     0     0     4     2
             194    194101     0     0     2     2
             194    194101     0     0     1     3
             194    194101     0     0     1     2
             194    194101     0     0     1     1
             194    194102     0     0     2     3
             194    194102     0     0     4     4
             194    194102     0     0     4     3
             194    194102     0     0     2     3
             194    194102     0     0     0     0
             194    194102     0     0     4     4
             194    194102     0     0     4     2
             194    194102     0     0     2     3
             194    194102     0     0     0     2
             194    194102     0     0     4     2
             194    194103     0     0     2     2
             194    194103     0     0     2     2
             194    194103     0     0     2     2
             194    194103     0     0     2     0
             194    194103     0     0     3     5
             194    194103     0     0     2     0
             194    194103     0     0     2     4
             194    194103     0     0     0     0
             194    194103     0     0     0     4
             194    194103     0     0     2     2
             194    194103     0     0     1     1
             194    194103     0     0     3     1
             194    194103     0     0     2     0
             194    194103     0     0     5     1
             194    194103     0     0     1     1
             194    194104     0     0     1     1
             194    194104     0     0     4     4
             194    194104     0     0     3     4
             194    194104     0     0     3     4
             194    194104     0     0     1     3
             194    194104     0     0     5     4
             194    194104     0     0     1     2
             194    194104     0     0     4     3
             194    194104     0     0     2     1
             194    194104     0     0     2     1
             194    194104     0     0     2     1
             194    194104     0     0     2     3
             194    194105     0     0     2     2
             194    194105     0     0     2     2
             194    194105     0     0     2     1
             194    194105     0     0     3     2
             194    194105     0     0     2     2
             194    194105     0     0     4     2
             194    194105     0     0     3     5
             194    194105     0     0     0     4
             194    194105     0     0     0     1
             194    194105     0     0     1     5
             194    194105     0     0     2     3
             194    194105     0     0     1     2
             194    194106     0     0     3     2
             194    194106     0     0     2     2
             194    194106     0     0     2     5
             194    194106     0     0     2     4
             194    194106     0     0     5     4
             194    194106     0     0     3     5
             194    194106     0     0     3     5
             194    194106     0     0     3     3
             194    194106     0     0     1     0
             194    194106     0     0     2     5
             196    196101     1     0     3     4
             196    196101     1     0     3     4
             196    196101     1     0     4     2
             196    196101     1     0     5     4
             196    196101     1     0     1     3
             196    196101     1     0     2     2
             196    196101     1     0     4     4
             196    196101     1     0     2     1
             196    196101     1     0     4     4
             196    196101     1     0     1     2
             196    196101     1     0     2     4
             196    196101     1     0     3     4
             196    196101     1     0     2     3
             196    196101     1     0     4     3
             196    196101     1     0     3     1
             196    196101     1     0     2     5
             196    196101     1     0     2     3
             196    196101     1     0     2     3
             196    196101     1     0     3     3
             196    196101     1     0     2     3
             196    196101     1     0     3     3
             196    196102     1     0     4     4
             196    196102     1     0     3     3
             196    196102     1     0     3     3
             196    196102     1     0     0     3
             196    196102     1     0     0     2
             196    196102     1     0     3     4
             196    196102     1     0     4     4
             196    196102     1     0     2     4
             196    196102     1     0     0     3
             196    196102     1     0     1     4
             197    197101     0     0     2     5
             197    197101     0     0     1     2
             197    197101     0     0     2     5
             197    197101     0     0     2     2
             197    197101     0     0     3     2
             197    197101     0     0     4     3
             197    197101     0     0     1     2
             197    197101     0     0     1     1
             197    197101     0     0     3     3
             197    197101     0     0     0     0
             197    197101     0     0     1     1
             197    197101     0     0     3     1
             197    197101     0     0     3     4
             197    197101     0     0     5     5
             197    197101     0     0     0     2
             197    197101     0     0     4     3
             197    197101     0     0     3     2
             197    197102     0     0     1     4
             197    197102     0     0     0     1
             197    197102     0     0     2     1
             197    197102     0     0     4     6
             197    197102     0     0     2     2
             197    197102     0     0     3     5
             197    197102     0     0     3     3
             197    197102     0     0     3     1
             197    197102     0     0     3     4
             197    197102     0     0     1     2
             197    197102     0     0     3     2
             197    197102     0     0     2     1
             197    197102     0     0     2     1
             197    197102     0     0     3     3
             197    197102     0     0     2     2
             197    197102     0     0     2     1
             197    197102     0     0     2     1
             197    197102     0     0     1     1
             197    197102     0     0     2     1
             197    197103     0     0     0     4
             197    197103     0     0     1     3
             197    197104     0     0     1     1
             197    197104     0     0     2     3
             197    197104     0     0     1     4
             197    197104     0     0     2     2
             198    198101     1     1     1     2
             198    198101     1     1     2     4
             198    198101     1     1     2     4
             198    198101     1     1     4     5
             198    198101     1     1     1     3
             198    198101     1     1     3     5
             198    198101     1     1     5     3
             198    198101     1     1     3     1
             198    198101     1     1     2     4
             198    198101     1     1     2     4
             198    198101     1     1     3     3
             198    198101     1     1     3     4
             198    198101     1     1     3     1
             198    198101     1     1     0     0
             198    198101     1     1     2     4
             198    198101     1     1     3     4
             198    198101     1     1     3     1
             198    198101     1     1     3     4
             198    198101     1     1     1     2
             198    198101     1     1     2     4
             198    198101     1     1     5     1
             198    198102     1     1     3     3
             198    198102     1     1     2     2
             198    198102     1     1     1     4
             198    198102     1     1     0     3
             198    198102     1     1     3     4
             198    198102     1     1     2     4
             198    198102     1     1     1     2
             198    198102     1     1     0     2
             198    198102     1     1     1     2
             198    198102     1     1     2     1
             198    198102     1     1     2     1
             198    198102     1     1     2     4
             198    198102     1     1     1     2
             198    198102     1     1     1     2
             198    198102     1     1     3     1
             198    198102     1     1     2     2
             198    198103     1     1     2     2
             198    198103     1     1     0     1
             198    198103     1     1     3     2
             198    198103     1     1     2     3
             198    198103     1     1     1     3
             198    198103     1     1     5     4
             198    198103     1     1     1     3
             198    198103     1     1     2     2
             198    198103     1     1     2     2
             198    198103     1     1     1     3
             198    198103     1     1     1     1
             198    198103     1     1     5     1
             198    198103     1     1     1     0
             198    198103     1     1     1     2
             198    198103     1     1     4     3
             199    199101     0     1     1     0
             199    199101     0     1     4     4
             199    199101     0     1     3     2
             199    199101     0     1     0     1
             199    199101     0     1     3     2
             199    199101     0     1     2     1
             199    199101     0     1     2     3
             199    199101     0     1     1     3
             199    199101     0     1     0     2
             199    199101     0     1     1     3
             199    199101     0     1     1     2
             199    199101     0     1     1     4
             199    199101     0     1     2     2
             199    199102     0     1     1     0
             199    199102     0     1     3     1
             199    199103     0     1     2     3
             199    199103     0     1     2     2
             199    199103     0     1     1     0
             199    199103     0     1     3     3
             199    199103     0     1     2     1
             199    199103     0     1     3     5
             199    199103     0     1     1     1
             199    199103     0     1     1     2
             199    199103     0     1     1     5
             199    199103     0     1     2     2
             199    199103     0     1     3     3
             199    199103     0     1     1     1
             199    199103     0     1     4     2
             199    199103     0     1     2     4
             199    199104     0     1     1     1
             199    199104     0     1     0     1
             199    199104     0     1     2     3
             199    199104     0     1     2     3
             199    199104     0     1     2     1
             199    199104     0     1     1     2
             199    199104     0     1     2     3
             199    199104     0     1     4     1
             199    199104     0     1     2     3
             199    199104     0     1     0     2
             199    199104     0     1     2     1
             199    199104     0     1     2     3
             199    199104     0     1     2     1
             199    199105     0     1     0     1
             199    199106     0     1     2     4
             199    199106     0     1     0     2
             199    199106     0     1     3     2
             199    199106     0     1     4     1
             199    199106     0     1     2     2
             199    199106     0     1     1     4
             199    199106     0     1     0     3
             199    199106     0     1     1     4
             199    199106     0     1     3     2
             199    199106     0     1     1     1
             199    199106     0     1     1     2
             199    199106     0     1     3     5
             401    401101     1     1     3     4
             401    401101     1     1     1     3
             401    401101     1     1     3     1
             401    401101     1     1     3     3
             401    401101     1     1     1     2
             401    401101     1     1     2     3
             401    401101     1     1     1     3
             401    401101     1     1     0     3
             401    401101     1     1     3     5
             401    401101     1     1     1     3
             401    401101     1     1     3     3
             401    401101     1     1     5     3
             401    401101     1     1     2     4
             401    401101     1     1     2     5
             401    401101     1     1     0     2
             401    401101     1     1     0     1
             401    401101     1     1     2     5
             401    401101     1     1     2     4
             401    401102     1     1     2     4
             401    401102     1     1     5     3
             401    401102     1     1     3     4
             401    401102     1     1     3     1
             401    401102     1     1     0     2
             401    401102     1     1     2     3
             401    401102     1     1     4     3
             401    401102     1     1     2     4
             401    401102     1     1     3     2
             401    401102     1     1     2     4
             401    401102     1     1     2     3
             401    401102     1     1     1     4
             401    401102     1     1     4     3
             401    401102     1     1     2     1
             401    401102     1     1     2     2
             401    401102     1     1     5     5
             401    401102     1     1     2     4
             401    401102     1     1     2     3
             401    401102     1     1     2     3
             401    401102     1     1     3     5
             401    401102     1     1     3     3
             402    402101     0     0     2     2
             402    402101     0     0     3     4
             402    402101     0     0     3     4
             402    402101     0     0     2     2
             402    402101     0     0     4     2
             402    402101     0     0     2     3
             402    402101     0     0     2     2
             402    402101     0     0     3     2
             402    402101     0     0     2     3
             402    402101     0     0     4     5
             402    402101     0     0     1     2
             402    402101     0     0     1     4
             402    402101     0     0     2     2
             402    402101     0     0     2     4
             402    402101     0     0     4     2
             402    402101     0     0     1     2
             402    402101     0     0     5     1
             402    402102     0     0     0     3
             402    402102     0     0     2     2
             402    402102     0     0     2     2
             402    402102     0     0     2     1
             402    402102     0     0     3     2
             402    402102     0     0     2     1
             402    402102     0     0     1     0
             402    402102     0     0     2     1
             402    402102     0     0     3     1
             402    402102     0     0     3     3
             402    402102     0     0     2     1
             402    402102     0     0     1     3
             402    402102     0     0     4     4
             402    402102     0     0     4     4
             402    402102     0     0     6     7
             402    402102     0     0     2     1
             405    405101     0     1     3     3
             405    405101     0     1     2     4
             405    405101     0     1     1     3
             405    405101     0     1     3     2
             405    405101     0     1     3     2
             405    405101     0     1     3     2
             405    405101     0     1     3     4
             405    405101     0     1     1     1
             405    405101     0     1     2     3
             405    405101     0     1     2     4
             405    405101     0     1     2     2
             405    405101     0     1     2     1
             405    405101     0     1     5     5
             405    405101     0     1     2     4
             405    405101     0     1     4     4
             405    405102     0     1     2     2
             405    405102     0     1     0     2
             405    405102     0     1     3     2
             405    405102     0     1     1     1
             405    405102     0     1     1     0
             405    405102     0     1     4     5
             405    405102     0     1     4     4
             405    405102     0     1     2     1
             405    405102     0     1     5     4
             405    405102     0     1     1     1
             405    405102     0     1     1     0
             405    405102     0     1     2     3
             405    405102     0     1     1     1
             405    405102     0     1     1     1
             405    405102     0     1     2     1
             405    405102     0     1     3     2
             405    405103     0     1     2     2
             405    405103     0     1     2     1
             405    405103     0     1     2     3
             405    405103     0     1     5     4
             405    405103     0     1     4     1
             405    405103     0     1     4     4
             405    405103     0     1     2     4
             405    405103     0     1     2     1
             405    405103     0     1     4     6
             405    405103     0     1     2     3
             405    405103     0     1     3     3
             405    405103     0     1     0     3
             405    405103     0     1     2     4
             405    405103     0     1     2     1
             405    405103     0     1     1     1
             405    405103     0     1     0     2
             405    405103     0     1     1     4
             405    405103     0     1     4     3
             405    405103     0     1     2     2
             405    405103     0     1     1     3
             405    405103     0     1     2     1
             407    407101     0     1     1     4
             407    407101     0     1     1     3
             407    407101     0     1     2     1
             407    407101     0     1     4     5
             407    407101     0     1     1     3
             407    407101     0     1     3     4
             407    407101     0     1     2     4
             407    407101     0     1     3     5
             407    407101     0     1     1     5
             407    407101     0     1     0     4
             407    407101     0     1     1     4
             407    407101     0     1     3     4
             407    407101     0     1     3     4
             407    407101     0     1     0     3
             407    407101     0     1     2     5
             407    407101     0     1     1     2
             407    407101     0     1     1     3
             407    407101     0     1     1     0
             407    407101     0     1     3     4
             407    407101     0     1     2     2
             407    407101     0     1     3     3
             407    407102     0     1     1     3
             407    407102     0     1     2     2
             407    407102     0     1     1     1
             407    407102     0     1     3     4
             407    407102     0     1     2     4
             407    407102     0     1     0     3
             407    407102     0     1     2     5
             407    407102     0     1     2     5
             407    407102     0     1     2     3
             407    407102     0     1     2     3
             407    407102     0     1     2     5
             407    407102     0     1     2     2
             407    407102     0     1     1     2
             407    407102     0     1     1     3
             407    407102     0     1     5     2
             407    407102     0     1     2     3
             407    407102     0     1     2     1
             407    407102     0     1     2     4
             407    407102     0     1     1     3
             407    407102     0     1     1     1
             407    407102     0     1     2     2
             407    407102     0     1     0     1
             407    407102     0     1     1     4
             407    407102     0     1     1     4
             407    407102     0     1     0     2
             407    407102     0     1     3     4
             407    407102     0     1     2     3
             407    407103     0     1     3     1
             407    407103     0     1     4     3
             407    407103     0     1     2     4
             407    407103     0     1     2     2
             407    407103     0     1     1     1
             407    407103     0     1     1     2
             407    407103     0     1     3     3
             407    407103     0     1     3     0
             407    407103     0     1     5     5
             407    407103     0     1     2     2
             407    407103     0     1     1     0
             407    407103     0     1     2     1
             407    407103     0     1     1     4
             407    407103     0     1     4     2
             407    407103     0     1     4     2
             407    407103     0     1     2     4
             407    407103     0     1     3     3
             408    408101     1     0     2     1
             408    408101     1     0     2     1
             408    408101     1     0     1     1
             408    408102     1     0     0     0
             408    408102     1     0     1     0
             408    408103     1     0     3     3
             408    408103     1     0     1     1
             408    408103     1     0     5     5
             408    408103     1     0     4     6
             408    408103     1     0     4     4
             408    408103     1     0     2     3
             408    408103     1     0     4     4
             408    408103     1     0     2     6
             408    408103     1     0     2     2
             408    408103     1     0     5     4
             408    408103     1     0     2     4
             408    408103     1     0     2     3
             408    408103     1     0     1     2
             408    408103     1     0     5     5
             408    408103     1     0     4     6
             408    408104     1     0     3     3
             408    408104     1     0     1     3
             408    408104     1     0     0     2
             408    408104     1     0     0     3
             408    408104     1     0     4     6
             408    408104     1     0     2     2
             408    408104     1     0     4     2
             409    409101     0     0     1     2
             409    409101     0     0     1     2
             409    409101     0     0     4     4
             409    409101     0     0     4     4
             409    409101     0     0     1     3
             409    409101     0     0     1     2
             409    409101     0     0     3     1
             409    409101     0     0     1     1
             409    409101     0     0     3     4
             409    409101     0     0     2     2
             409    409101     0     0     4     4
             409    409101     0     0     1     1
             409    409101     0     0     2     1
             409    409101     0     0     4     3
             409    409101     0     0     2     1
             409    409101     0     0     2     1
             409    409101     0     0     1     2
             409    409101     0     0     2     3
             409    409101     0     0     0     4
             409    409101     0     0     2     4
             409    409101     0     0     1     5
             409    409101     0     0     0     1
             409    409101     0     0     3     3
             409    409101     0     0     2     3
             409    409102     0     0     2     1
             409    409102     0     0     4     3
             409    409102     0     0     2     4
             409    409102     0     0     1     1
             409    409102     0     0     2     1
             409    409102     0     0     3     2
             409    409102     0     0     1     2
             409    409102     0     0     3     2
             409    409102     0     0     1     3
             409    409102     0     0     0     1
             409    409102     0     0     4     3
             409    409102     0     0     2     3
             409    409102     0     0     5     3
             409    409102     0     0     3     4
             409    409102     0     0     4     1
             409    409102     0     0     2     4
             409    409102     0     0     3     1
             409    409102     0     0     1     3
             409    409102     0     0     2     1
             409    409102     0     0     2     5
             409    409102     0     0     0     2
             409    409102     0     0     1     3
             409    409103     0     0     3     3
             409    409103     0     0     2     3
             409    409103     0     0     2     1
             409    409103     0     0     2     3
             409    409103     0     0     0     3
             409    409103     0     0     2     1
             409    409103     0     0     1     2
             409    409103     0     0     2     1
             409    409103     0     0     1     2
             409    409103     0     0     2     2
             409    409103     0     0     1     0
             409    409103     0     0     3     2
             409    409103     0     0     1     0
             409    409103     0     0     3     2
             409    409103     0     0     1     0
             409    409104     0     0     3     5
             409    409104     0     0     3     2
             409    409104     0     0     1     1
             409    409104     0     0     5     6
             409    409104     0     0     2     2
             409    409104     0     0     2     4
             409    409104     0     0     2     3
             409    409104     0     0     2     2
             409    409104     0     0     3     2
             409    409104     0     0     4     3
             409    409104     0     0     2     3
             409    409104     0     0     2     2
             409    409104     0     0     3     4
             409    409104     0     0     3     5
             409    409104     0     0     3     3
             409    409104     0     0     2     4
             409    409104     0     0     3     4
             409    409104     0     0     3     1
             409    409104     0     0     3     4
             410    410101     1     1     3     1
             410    410101     1     1     2     1
             410    410101     1     1     0     1
             410    410101     1     1     0     1
             410    410101     1     1     4     4
             410    410101     1     1     1     2
             410    410101     1     1     1     3
             410    410102     1     1     1     3
             410    410102     1     1     1     3
             410    410102     1     1     2     1
             410    410102     1     1     4     0
             410    410102     1     1     1     3
             410    410102     1     1     0     2
             410    410102     1     1     2     5
             410    410102     1     1     2     2
             410    410102     1     1     2     3
             410    410102     1     1     3     3
             410    410102     1     1     1     2
             410    410102     1     1     2     2
             410    410103     1     1     2     4
             410    410103     1     1     2     2
             410    410103     1     1     1     1
             410    410103     1     1     3     3
             410    410103     1     1     2     3
             410    410103     1     1     1     1
             410    410103     1     1     1     4
             410    410103     1     1     5     1
             410    410104     1     1     4     1
             410    410104     1     1     1     2
             410    410104     1     1     1     2
             410    410104     1     1     0     1
             410    410104     1     1     3     1
             410    410104     1     1     0     2
             411    411101     0     1     3     3
             411    411101     0     1     1     2
             411    411101     0     1     3     3
             411    411101     0     1     4     3
             411    411101     0     1     2     3
             411    411101     0     1     2     5
             411    411101     0     1     3     4
             411    411101     0     1     6     5
             411    411101     0     1     4     2
             411    411101     0     1     1     4
             411    411101     0     1     3     3
             411    411102     0     1     5     5
             411    411102     0     1     3     4
             411    411102     0     1     4     4
             411    411102     0     1     3     3
             411    411102     0     1     4     4
             411    411102     0     1     4     2
             411    411102     0     1     0     0
             412    412101     1     0     1     3
             412    412101     1     0     3     5
             412    412101     1     0     1     5
             412    412101     1     0     2     3
             412    412101     1     0     1     4
             412    412101     1     0     1     2
             412    412101     1     0     2     0
             412    412102     1     0     1     1
             412    412102     1     0     2     3
             412    412102     1     0     4     4
             412    412102     1     0     2     1
             412    412102     1     0     1     1
             412    412102     1     0     2     3
             412    412102     1     0     3     4
             412    412102     1     0     1     4
             412    412103     1     0     3     1
             412    412103     1     0     3     3
             412    412103     1     0     1     2
             412    412104     1     0     2     3
             412    412104     1     0     0     2
             412    412104     1     0     1     5
             412    412104     1     0     1     3
             412    412104     1     0     0     3
             412    412105     1     0     1     3
             412    412105     1     0     0     1
             412    412105     1     0     4     2
             412    412105     1     0     3     4
             412    412105     1     0     2     2
             412    412105     1     0     1     0
             412    412105     1     0     0     2
             412    412105     1     0     1     3
             412    412106     1     0     3     3
             412    412106     1     0     1     4
             412    412106     1     0     0     3
             414    414101     1     0     1     3
             414    414101     1     0     1     2
             414    414101     1     0     2     2
             414    414101     1     0     3     4
             414    414101     1     0     2     6
             414    414101     1     0     1     1
             414    414101     1     0     0     3
             414    414101     1     0     3     2
             414    414102     1     0     3     2
             414    414102     1     0     0     3
             414    414102     1     0     4     3
             414    414102     1     0     0     3
             414    414102     1     0     4     5
             414    414102     1     0     0     4
             414    414102     1     0     1     2
             414    414102     1     0     1     4
             414    414102     1     0     2     2
             414    414104     1     0     2     4
             414    414104     1     0     2     1
             414    414104     1     0     1     2
             414    414104     1     0     0     4
             414    414104     1     0     3     2
             414    414104     1     0     1     5
             414    414104     1     0     2     2
             414    414104     1     0     1     2
             414    414105     1     0     3     6
             414    414105     1     0     4     2
             414    414106     1     0     1     3
             414    414106     1     0     2     3
             414    414106     1     0     2     1
             414    414106     1     0     2     5
             414    414106     1     0     2     3
             414    414106     1     0     2     3
             414    414106     1     0     0     2
             414    414106     1     0     2     5
             414    414106     1     0     3     2
             414    414106     1     0     3     5
             414    414106     1     0     2     3
             415    415101     1     1     4     5
             415    415101     1     1     4     5
             415    415101     1     1     5     2
             415    415101     1     1     2     3
             415    415101     1     1     0     2
             415    415101     1     1     2     3
             415    415101     1     1     2     4
             415    415101     1     1     3     6
             415    415101     1     1     1     5
             415    415102     1     1     2     3
             415    415102     1     1     2     4
             415    415102     1     1     1     4
             415    415102     1     1     1     4
             415    415102     1     1     1     2
             415    415102     1     1     1     4
             415    415102     1     1     1     3
             415    415102     1     1     6     5
             415    415102     1     1     1     4
             415    415102     1     1     2     1
             415    415102     1     1     4     4
             415    415102     1     1     2     3
             415    415102     1     1     0     4
             415    415102     1     1     5     4
             415    415102     1     1     3     3
             415    415102     1     1     1     1
             415    415102     1     1     1     4
             415    415102     1     1     1     2
             415    415102     1     1     1     4
             415    415102     1     1     1     3
             415    415102     1     1     0     2
             415    415103     1     1     1     3
             415    415103     1     1     2     4
             415    415103     1     1     3     5
             415    415103     1     1     4     5
             415    415103     1     1     1     2
             415    415103     1     1     2     5
             415    415103     1     1     3     5
             415    415103     1     1     3     1
             415    415103     1     1     3     3
             415    415103     1     1     3     3
             415    415103     1     1     6     4
             415    415103     1     1     1     4
             415    415103     1     1     3     3
             415    415104     1     1     2     2
             415    415104     1     1     0     3
             415    415104     1     1     2     3
             415    415104     1     1     3     4
             415    415104     1     1     3     5
             415    415104     1     1     1     2
             415    415104     1     1     3     3
             415    415104     1     1     2     4
             415    415104     1     1     4     3
             415    415104     1     1     3     3
             415    415104     1     1     1     1
             415    415104     1     1     0     2
             415    415105     1     1     2     5
             415    415105     1     1     4     3
             415    415105     1     1     3     5
             415    415105     1     1     2     5
             415    415105     1     1     1     4
             415    415105     1     1     1     2
             415    415105     1     1     3     3
             415    415105     1     1     2     0
             415    415105     1     1     0     2
             415    415105     1     1     2     4
             415    415105     1     1     5     4
             415    415105     1     1     3     1
             505    505101     1     1     2     0
             505    505101     1     1     2     2
             505    505101     1     1     1     1
             505    505101     1     1     2     1
             505    505101     1     1     5     1
             505    505101     1     1     3     2
             505    505101     1     1     3     2
             505    505101     1     1     2     4
             505    505101     1     1     0     3
             505    505101     1     1     1     1
             505    505101     1     1     1     2
             505    505101     1     1     1     2
             505    505101     1     1     3     3
             505    505101     1     1     4     4
             505    505102     1     1     1     5
             505    505102     1     1     2     2
             505    505102     1     1     2     3
             505    505102     1     1     2     1
             505    505102     1     1     1     3
             505    505102     1     1     2     3
             505    505102     1     1     2     3
             505    505102     1     1     0     3
             505    505102     1     1     3     6
             505    505103     1     1     2     4
             505    505103     1     1     2     1
             505    505103     1     1     1     4
             505    505103     1     1     2     3
             505    505103     1     1     1     4
             505    505103     1     1     3     2
             505    505104     1     1     2     2
             505    505104     1     1     2     3
             505    505104     1     1     2     2
             505    505104     1     1     3     4
             505    505104     1     1     0     2
             505    505104     1     1     1     2
             505    505104     1     1     3     4
             505    505104     1     1     0     0
             505    505104     1     1     1     0
             505    505104     1     1     2     4
             505    505104     1     1     1     2
             505    505105     1     1     1     2
             505    505105     1     1     4     3
             505    505105     1     1     0     2
             505    505105     1     1     3     3
             505    505105     1     1     2     3
             505    505105     1     1     2     1
             505    505105     1     1     2     3
             505    505105     1     1     2     4
             505    505105     1     1     0     1
             505    505105     1     1     1     4
             505    505106     1     1     3     2
             505    505106     1     1     2     3
             505    505106     1     1     2     5
             505    505106     1     1     1     2
             505    505106     1     1     1     3
             505    505106     1     1     0     3
             505    505106     1     1     4     3
             505    505106     1     1     2     5
             505    505106     1     1     6     2
             505    505106     1     1     1     3
             505    505106     1     1     1     3
             505    505106     1     1     2     3
             505    505107     1     1     2     4
             505    505107     1     1     3     1
             505    505107     1     1     1     0
             505    505107     1     1     2     3
             505    505107     1     1     2     2
             505    505107     1     1     0     3
             505    505107     1     1     3     2
             505    505107     1     1     0     1
             505    505107     1     1     2     1
             505    505107     1     1     4     1
             505    505107     1     1     4     5
             506    506102     0     1     2     4
             506    506102     0     1     2     2
             506    506102     0     1     6     4
             506    506102     0     1     2     5
             506    506102     0     1     3     3
             506    506102     0     1     3     6
             506    506103     0     1     0     2
             506    506103     0     1     3     4
             506    506103     0     1     2     1
             506    506103     0     1     0     4
             506    506103     0     1     1     1
             506    506103     0     1     1     0
             506    506105     0     1     1     3
             506    506105     0     1     1     4
             506    506105     0     1     3     2
             506    506105     0     1     2     3
             506    506105     0     1     1     1
             506    506105     0     1     3     1
             506    506105     0     1     2     0
             506    506105     0     1     0     2
             506    506105     0     1     1     2
             506    506105     0     1     1     0
             506    506105     0     1     3     3
             506    506105     0     1     3     2
             506    506105     0     1     2     4
             506    506105     0     1     1     3
             506    506107     0     1     1     1
             506    506107     0     1     0     1
             506    506107     0     1     1     2
             506    506107     0     1     1     2
             506    506107     0     1     3     2
             506    506107     0     1     3     1
             506    506107     0     1     0     2
             506    506107     0     1     2     2
             506    506107     0     1     2     1
             506    506107     0     1     4     3
             506    506110     0     1     4     2
             506    506110     0     1     1     2
             506    506110     0     1     1     1
             506    506110     0     1     3     2
             506    506110     0     1     1     2
             506    506110     0     1     1     3
             506    506110     0     1     0     0
             506    506110     0     1     2     2
             506    506110     0     1     0     2
             506    506110     0     1     1     4
             506    506110     0     1     1     2
             506    506110     0     1     1     1
             506    506110     0     1     2     2
             506    506110     0     1     2     1
             506    506111     0     1     4     1
             506    506111     0     1     3     1
             506    506112     0     1     2     0
             506    506112     0     1     0     1
             506    506112     0     1     1     2
             506    506113     0     1     0     3
             506    506113     0     1     1     2
             506    506114     0     1     2     3
             506    506114     0     1     2     0
             506    506114     0     1     1     3
             506    506114     0     1     0     1
             506    506115     0     1     0     0
             506    506115     0     1     2     1
             506    506115     0     1     4     1
             506    506116     0     1     2     2
             506    506116     0     1     2     1
             506    506116     0     1     3     0
             506    506116     0     1     2     2
             506    506116     0     1     0     4
             506    506116     0     1     4     1
             507    507101     0     1     1     5
             507    507101     0     1     2     2
             507    507101     0     1     1     1
             507    507101     0     1     3     4
             507    507101     0     1     1     1
             507    507101     0     1     2     2
             507    507101     0     1     0     1
             507    507101     0     1     1     4
             507    507101     0     1     0     3
             507    507101     0     1     2     4
             507    507102     0     1     1     1
             507    507102     0     1     2     2
             507    507102     0     1     1     1
             507    507102     0     1     1     4
             507    507102     0     1     2     3
             507    507102     0     1     4     3
             507    507102     0     1     1     4
             507    507102     0     1     0     1
             507    507102     0     1     2     3
             507    507102     0     1     1     3
             507    507102     0     1     1     2
             507    507102     0     1     1     1
             507    507102     0     1     1     5
             507    507102     0     1     1     1
             507    507103     0     1     1     5
             507    507103     0     1     1     0
             507    507103     0     1     3     2
             507    507103     0     1     0     5
             507    507103     0     1     3     2
             507    507103     0     1     2     1
             507    507103     0     1     0     0
             507    507103     0     1     1     2
             507    507103     0     1     3     3
             507    507103     0     1     2     3
             507    507103     0     1     4     2
             507    507104     0     1     2     3
             507    507104     0     1     1     1
             507    507104     0     1     1     3
             507    507104     0     1     0     1
             507    507104     0     1     3     3
             507    507104     0     1     0     1
             507    507105     0     1     0     1
             507    507105     0     1     2     5
             507    507105     0     1     2     1
             507    507105     0     1     1     2
             507    507105     0     1     4     2
             507    507105     0     1     2     3
             507    507105     0     1     1     2
             507    507105     0     1     1     0
             507    507105     0     1     5     0
             507    507105     0     1     4     2
             507    507105     0     1     2     5
             507    507105     0     1     1     1
             507    507105     0     1     3     0
             507    507105     0     1     5     2
             507    507105     0     1     3     4
             507    507105     0     1     1     4
             507    507105     0     1     2     1
             507    507105     0     1     1     2
             507    507105     0     1     2     2
             507    507105     0     1     3     1
             507    507105     0     1     1     1
             507    507105     0     1     4     2
             507    507106     0     1     2     1
             507    507106     0     1     4     3
             507    507106     0     1     1     2
             507    507106     0     1     2     1
             507    507107     0     1     2     3
             507    507107     0     1     1     0
             507    507107     0     1     2     1
             507    507107     0     1     1     3
             507    507107     0     1     1     2
             507    507107     0     1     3     4
             507    507107     0     1     1     2
             508    508101     0     1     1     3
             508    508101     0     1     4     3
             508    508101     0     1     1     2
             508    508101     0     1     5     5
             508    508101     0     1     1     4
             508    508101     0     1     3     3
             508    508101     0     1     3     2
             508    508101     0     1     3     3
             508    508101     0     1     0     1
             508    508101     0     1     1     0
             508    508101     0     1     1     2
             508    508101     0     1     4     3
             508    508101     0     1     3     2
             508    508101     0     1     2     2
             508    508101     0     1     2     3
             508    508101     0     1     3     3
             508    508101     0     1     4     4
             508    508101     0     1     4     3
             508    508101     0     1     3     3
             508    508101     0     1     3     4
             508    508101     0     1     3     7
             508    508101     0     1     3     2
             508    508102     0     1     3     4
             508    508102     0     1     1     2
             508    508102     0     1     5     4
             508    508102     0     1     2     3
             508    508102     0     1     4     1
             508    508102     0     1     2     4
             508    508102     0     1     2     3
             508    508102     0     1     4     4
             508    508102     0     1     5     7
             508    508102     0     1     3     4
             508    508102     0     1     4     3
             508    508102     0     1     3     3
             508    508102     0     1     2     3
             508    508102     0     1     2     5
             508    508102     0     1     2     2
             508    508102     0     1     3     3
             508    508102     0     1     1     1
             508    508102     0     1     1     3
             508    508103     0     1     4     5
             508    508103     0     1     3     3
             508    508103     0     1     1     2
             508    508103     0     1     3     3
             508    508103     0     1     3     6
             508    508103     0     1     5     6
             508    508103     0     1     2     4
             508    508103     0     1     4     3
             508    508103     0     1     4     5
             508    508103     0     1     3     2
             508    508103     0     1     3     1
             508    508103     0     1     3     1
             508    508103     0     1     5     3
             508    508103     0     1     3     4
             508    508103     0     1     3     2
             508    508103     0     1     2     3
             508    508103     0     1     1     1
             508    508103     0     1     4     2
             508    508103     0     1     2     4
             508    508103     0     1     2     1
             508    508103     0     1     3     4
             508    508103     0     1     1     1
             508    508103     0     1     2     2
             508    508104     0     1     2     0
             508    508104     0     1     2     3
             508    508104     0     1     2     4
             508    508104     0     1     2     4
             508    508104     0     1     1     2
             508    508104     0     1     4     5
             508    508104     0     1     1     2
             508    508104     0     1     4     5
             508    508104     0     1     4     5
             508    508104     0     1     4     5
             508    508104     0     1     3     3
             508    508104     0     1     4     2
             508    508104     0     1     0     2
             508    508104     0     1     4     4
             508    508104     0     1     2     5
             508    508104     0     1     4     2
             508    508104     0     1     3     6
             508    508104     0     1     3     2
             508    508104     0     1     2     2
             509    509101     1     0     2     3
             509    509101     1     0     0     1
             509    509101     1     0     2     2
             509    509101     1     0     1     5
             509    509101     1     0     3     2
             509    509101     1     0     4     2
             509    509101     1     0     3     4
             509    509101     1     0     2     3
             509    509101     1     0     2     3
             509    509101     1     0     2     2
             509    509101     1     0     1     3
             509    509101     1     0     0     3
             509    509101     1     0     1     2
             509    509101     1     0     2     3
             509    509102     1     0     1     4
             509    509102     1     0     0     3
             509    509102     1     0     0     1
             509    509102     1     0     4     5
             509    509102     1     0     5     5
             509    509103     1     0     1     3
             509    509103     1     0     2     0
             509    509103     1     0     2     2
             509    509103     1     0     1     1
             509    509103     1     0     1     2
             509    509103     1     0     0     2
             509    509103     1     0     3     2
             509    509103     1     0     0     1
             509    509103     1     0     1     1
             509    509103     1     0     4     0
             509    509103     1     0     0     4
             509    509103     1     0     2     1
             509    509103     1     0     2     3
             509    509103     1     0     2     1
             509    509104     1     0     2     3
             509    509104     1     0     0     5
             509    509104     1     0     2     2
             509    509104     1     0     2     4
             509    509104     1     0     3     4
             509    509104     1     0     1     3
             509    509104     1     0     2     3
             509    509104     1     0     1     3
             509    509104     1     0     1     3
             509    509104     1     0     0     3
             509    509104     1     0     2     2
             509    509104     1     0     3     3
             509    509104     1     0     3     4
             509    509104     1     0     4     3
             509    509104     1     0     2     0
             509    509104     1     0     2     3
             509    509104     1     0     2     4
             509    509104     1     0     0     3
             509    509104     1     0     4     4
             509    509104     1     0     1     3
             509    509104     1     0     3     4
             509    509104     1     0     2     3
             509    509104     1     0     2     2
             509    509104     1     0     0     1
             509    509104     1     0     0     1
             509    509104     1     0     3     5
             509    509104     1     0     1     3
             509    509104     1     0     2     3
             509    509105     1     0     1     4
             509    509105     1     0     2     3
             509    509105     1     0     1     1
             509    509105     1     0     2     1
             509    509105     1     0     2     1
             509    509105     1     0     1     3
             509    509105     1     0     2     3
             509    509105     1     0     2     3
             509    509105     1     0     0     2
             509    509105     1     0     3     5
             509    509105     1     0     2     4
             509    509105     1     0     2     2
             509    509105     1     0     2     2
             509    509105     1     0     0     1
             509    509105     1     0     1     4
             509    509106     1     0     2     1
             509    509106     1     0     4     5
             509    509106     1     0     1     3
             509    509106     1     0     2     2
             509    509106     1     0     3     2
             509    509106     1     0     2     2
             509    509106     1     0     5     6
             509    509106     1     0     2     3
             509    509106     1     0     2     4
             509    509106     1     0     3     3
             509    509106     1     0     0     2
             509    509106     1     0     1     3
             509    509106     1     0     1     3
             509    509106     1     0     1     4
             509    509106     1     0     1     4
             509    509107     1     0     3     3
             509    509107     1     0     5     3
             509    509107     1     0     3     5
             509    509107     1     0     1     4
             509    509107     1     0     1     2
             509    509107     1     0     2     3
             509    509107     1     0     4     3
             509    509107     1     0     1     2
             509    509107     1     0     0     1
             509    509107     1     0     1     2
             509    509107     1     0     1     4
             509    509108     1     0     0     2
             509    509108     1     0     2     2
             509    509108     1     0     2     1
             509    509108     1     0     1     5
             509    509108     1     0     2     2
             509    509108     1     0     3     3
             509    509108     1     0     2     2
             509    509108     1     0     1     3
             509    509108     1     0     1     1
             509    509108     1     0     1     2
             509    509108     1     0     2     6
             509    509108     1     0     1     1
             510    510101     1     0     3     2
             510    510101     1     0     1     2
             510    510101     1     0     2     2
             510    510101     1     0     2     1
             510    510101     1     0     4     2
             510    510101     1     0     3     2
             510    510101     1     0     2     5
             510    510101     1     0     1     1
             510    510101     1     0     1     2
             510    510101     1     0     2     4
             510    510101     1     0     1     6
             510    510102     1     0     2     5
             510    510102     1     0     1     2
             510    510102     1     0     2     2
             510    510102     1     0     4     4
             510    510102     1     0     3     1
             510    510102     1     0     3     4
             510    510102     1     0     2     0
             510    510102     1     0     4     4
             510    510102     1     0     3     4
             510    510102     1     0     1     5
             510    510102     1     0     3     4
             510    510103     1     0     3     4
             510    510103     1     0     3     5
             510    510103     1     0     0     3
             510    510103     1     0     3     4
             510    510103     1     0     4     5
             510    510103     1     0     1     0
             510    510103     1     0     1     1
             510    510103     1     0     3     5
             510    510103     1     0     2     3
             510    510103     1     0     1     2
             510    510103     1     0     3     2
             510    510103     1     0     0     1
             510    510103     1     0     3     1
             510    510103     1     0     1     1
             510    510103     1     0     1     1
             510    510104     1     0     0     1
             510    510104     1     0     3     3
             510    510104     1     0     3     5
             510    510104     1     0     1     4
             510    510104     1     0     2     4
             510    510104     1     0     3     0
             510    510104     1     0     0     2
             510    510104     1     0     2     2
             510    510104     1     0     1     1
             510    510104     1     0     4     4
             510    510104     1     0     3     1
             510    510104     1     0     3     3
             510    510104     1     0     3     1
             510    510104     1     0     5     4
             510    510104     1     0     2     3
             510    510104     1     0     2     6
             510    510104     1     0     3     3
             510    510105     1     0     3     2
             510    510105     1     0     2     2
             510    510105     1     0     1     4
             510    510105     1     0     2     3
             510    510105     1     0     2     3
             510    510105     1     0     0     4
             510    510105     1     0     2     2
             510    510105     1     0     2     6
             510    510105     1     0     2     6
             510    510105     1     0     2     5
             510    510105     1     0     2     2
             510    510105     1     0     1     2
             510    510105     1     0     4     5
             510    510105     1     0     5     6
             510    510105     1     0     2     1
             510    510105     1     0     3     3
             510    510105     1     0     2     2
             510    510105     1     0     2     4
             510    510105     1     0     2     0
             510    510105     1     0     1     4
             510    510105     1     0     5     5
             510    510105     1     0     4     4
             510    510105     1     0     3     4
             510    510105     1     0     2     4
             510    510106     1     0     2     4
             510    510106     1     0     1     1
             510    510106     1     0     4     4
             510    510106     1     0     3     3
             510    510106     1     0     2     3
             510    510106     1     0     2     3
             510    510106     1     0     2     3
             510    510106     1     0     3     5
             510    510106     1     0     1     2
             510    510106     1     0     2     3
             510    510106     1     0     5     6
             510    510106     1     0     1     3
             510    510106     1     0     4     5
             510    510106     1     0     4     4
             510    510106     1     0     4     3
             510    510106     1     0     2     2
             510    510106     1     0     0     3
             510    510106     1     0     2     3
             510    510106     1     0     2     4
             510    510106     1     0     3     1
             510    510107     1     0     2     4
             510    510107     1     0     1     1
             510    510107     1     0     5     6
             510    510107     1     0     2     3
             510    510107     1     0     3     3
             510    510107     1     0     1     5
             510    510107     1     0     3     1
             510    510107     1     0     0     1
             510    510107     1     0     1     4
             510    510107     1     0     1     4
             510    510107     1     0     1     1
             510    510107     1     0     4     4
             510    510107     1     0     1     4
             510    510107     1     0     3     4
             510    510107     1     0     1     6
             513    513101     0     0     1     2
             513    513101     0     0     1     0
             513    513101     0     0     3     4
             513    513101     0     0     2     1
             513    513101     0     0     3     3
             513    513101     0     0     1     2
             513    513102     0     0     3     1
             513    513102     0     0     4     2
             513    513102     0     0     3     1
             513    513102     0     0     1     3
             513    513102     0     0     1     2
             513    513102     0     0     3     2
             513    513102     0     0     3     1
             513    513102     0     0     0     1
             513    513103     0     0     3     3
             513    513103     0     0     1     2
             513    513103     0     0     1     2
             513    513103     0     0     1     2
             513    513103     0     0     0     2
             513    513103     0     0     1     2
             513    513103     0     0     1     1
             513    513103     0     0     1     1
             513    513103     0     0     4     1
             513    513103     0     0     1     4
             513    513103     0     0     3     2
             513    513103     0     0     3     2
             513    513103     0     0     3     2
             513    513103     0     0     2     0
             513    513104     0     0     1     2
             513    513104     0     0     2     2
             513    513104     0     0     0     1
             513    513104     0     0     3     3
             513    513104     0     0     3     3
             514    514101     1     1     3     3
             514    514101     1     1     3     3
             514    514101     1     1     1     4
             514    514101     1     1     2     3
             514    514101     1     1     2     3
             514    514101     1     1     1     4
             514    514101     1     1     3     2
             514    514101     1     1     2     3
             514    514101     1     1     2     4
             514    514101     1     1     1     2
             514    514101     1     1     3     2
             514    514102     1     1     1     1
             514    514102     1     1     2     1
             514    514102     1     1     1     5
             514    514102     1     1     1     2
             514    514102     1     1     2     3
             514    514102     1     1     2     3
             514    514102     1     1     1     4
             514    514102     1     1     1     2
             514    514102     1     1     2     4
             514    514103     1     1     1     3
             514    514103     1     1     2     3
             514    514103     1     1     2     4
             514    514103     1     1     3     4
             514    514103     1     1     0     4
             514    514103     1     1     1     2
             514    514103     1     1     0     0
             514    514103     1     1     1     3
             514    514103     1     1     3     2
             514    514103     1     1     2     3
             514    514103     1     1     3     1
             514    514103     1     1     1     2
             514    514103     1     1     3     1
             514    514103     1     1     1     3
             514    514103     1     1     1     2
             514    514103     1     1     3     3
             514    514103     1     1     0     1
             514    514104     1     1     2     3
             514    514104     1     1     2     0
             514    514104     1     1     3     3
             514    514104     1     1     3     2
             514    514104     1     1     3     3
             514    514104     1     1     2     1
             514    514104     1     1     1     1
             514    514104     1     1     0     2
             514    514104     1     1     1     2
             514    514104     1     1     3     3
             514    514104     1     1     1     5
             514    514104     1     1     0     2
             514    514104     1     1     1     3
             514    514104     1     1     4     7
             514    514105     1     1     0     3
             514    514105     1     1     0     2
             514    514105     1     1     4     6
             514    514105     1     1     3     5
             514    514105     1     1     2     4
             514    514105     1     1     1     4
             514    514105     1     1     4     3
             514    514105     1     1     2     4
             514    514105     1     1     2     2
             514    514105     1     1     1     4
             514    514105     1     1     1     4
             514    514106     1     1     2     1
             514    514106     1     1     0     1
             514    514106     1     1     1     4
             514    514106     1     1     1     3
             514    514106     1     1     4     4
             514    514106     1     1     1     3
             514    514106     1     1     0     3
             514    514106     1     1     0     6
             514    514106     1     1     3     2
             514    514106     1     1     1     3
             514    514106     1     1     1     1
             514    514106     1     1     3     6
             514    514106     1     1     2     3
             514    514106     1     1     1     3
             514    514106     1     1     1     1
             514    514106     1     1     3     2
             514    514106     1     1     4     4
             514    514107     1     1     1     4
             514    514107     1     1     3     3
             514    514107     1     1     2     4
             514    514107     1     1     2     2
             514    514107     1     1     1     3
             514    514107     1     1     3     5
             514    514107     1     1     1     3
             514    514107     1     1     1     4
             514    514107     1     1     3     3
             514    514107     1     1     1     2
             514    514107     1     1     4     2
             514    514107     1     1     4     2
             514    514107     1     1     6     5
             514    514107     1     1     4     2
             514    514107     1     1     4     4
             515    515101     0     0     4     2
             515    515101     0     0     1     2
             515    515101     0     0     1     1
             515    515101     0     0     2     4
             515    515101     0     0     3     3
             515    515101     0     0     2     3
             515    515102     0     0     2     1
             515    515102     0     0     1     2
             515    515102     0     0     1     2
             515    515102     0     0     1     2
             515    515102     0     0     2     2
             515    515102     0     0     1     1
             515    515102     0     0     2     2
             515    515103     0     0     3     3
             515    515103     0     0     4     3
             515    515103     0     0     1     2
             515    515103     0     0     1     0
             515    515103     0     0     1     1
             515    515103     0     0     3     5
             515    515103     0     0     3     3
             515    515103     0     0     2     2
             515    515103     0     0     1     2
             515    515103     0     0     0     4
             515    515103     0     0     2     0
             515    515103     0     0     3     0
             515    515103     0     0     2     3
             515    515103     0     0     1     1
             515    515104     0     0     3     4
             515    515104     0     0     1     1
             515    515104     0     0     4     2
             515    515104     0     0     1     0
             515    515104     0     0     4     3
             515    515104     0     0     2     4
             515    515104     0     0     1     4
             515    515104     0     0     3     4
             515    515104     0     0     2     1
             515    515104     0     0     4     1
             515    515105     0     0     4     5
             515    515105     0     0     2     2
             515    515105     0     0     3     3
             515    515105     0     0     2     3
             515    515105     0     0     2     4
             515    515105     0     0     2     1
             515    515105     0     0     3     1
             515    515105     0     0     2     3
             515    515105     0     0     1     2
             515    515105     0     0     2     2
             515    515105     0     0     2     2
             515    515105     0     0     1     3
             515    515105     0     0     1     4
             515    515105     0     0     1     3
             515    515106     0     0     1     3
             515    515106     0     0     4     4
             515    515106     0     0     3     1
             515    515106     0     0     1     2
             515    515106     0     0     4     2
             515    515106     0     0     3     3
             515    515106     0     0     3     2
             515    515106     0     0     2     3
             515    515106     0     0     3     3
             515    515106     0     0     3     3
             515    515106     0     0     4     4
             515    515106     0     0     3     3
             515    515106     0     0     4     2
             515    515106     0     0     2     1
             515    515106     0     0     1     2
             515    515106     0     0     3     2
             515    515106     0     0     1     0
             515    515106     0     0     1     3
             515    515107     0     0     1     2
             515    515107     0     0     3     1
             515    515107     0     0     3     3
             515    515107     0     0     2     3
             515    515108     0     0     4     4
             515    515108     0     0     1     1
             515    515108     0     0     3     1
             515    515108     0     0     1     1
             515    515108     0     0     4     3
             515    515108     0     0     5     2
             515    515108     0     0     2     2
             515    515108     0     0     1     2
             515    515108     0     0     1     1
             515    515109     0     0     4     4
             515    515109     0     0     1     2
             515    515109     0     0     3     3
             515    515109     0     0     3     2
             515    515109     0     0     4     1
             515    515109     0     0     2     2
             515    515109     0     0     0     1
             515    515110     0     0     4     4
             515    515110     0     0     1     2
             515    515110     0     0     3     1
             515    515110     0     0     2     3
             515    515110     0     0     2     2
             515    515110     0     0     2     1
             515    515110     0     0     3     1
             515    515110     0     0     1     1
             515    515110     0     0     1     3
             515    515110     0     0     1     1
             515    515110     0     0     1     1
             515    515110     0     0     2     2
             515    515111     0     0     2     2
             515    515111     0     0     1     2
             515    515111     0     0     2     2
             515    515111     0     0     2     2
             515    515111     0     0     0     4
             515    515111     0     0     3     4
             515    515111     0     0     3     4
             515    515111     0     0     2     3
             515    515111     0     0     4     5
             515    515111     0     0     3     2
             515    515111     0     0     3     5
             515    515111     0     0     2     3
             515    515111     0     0     2     4
             515    515111     0     0     0     2
             515    515111     0     0     3     4
             515    515112     0     0     2     3
             515    515112     0     0     1     1
             515    515112     0     0     1     2
             515    515112     0     0     3     3
             515    515112     0     0     2     2
             515    515112     0     0     3     3
             515    515112     0     0     2     4
             515    515112     0     0     2     2
             515    515112     0     0     2     3
             515    515112     0     0     2     1
             515    515112     0     0     3     4
             515    515113     0     0     0     0
             515    515113     0     0     3     2
             515    515113     0     0     3     2
             515    515113     0     0     3     1
             515    515113     0     0     2     0
             515    515113     0     0     2     1
             515    515113     0     0     1     1
             515    515113     0     0     2     1
             515    515113     0     0     3     2
             515    515113     0     0     3     3 
